
0,0,169
0,1,254
0,2,143
0,3,130
0,4,125
0,5,100
0,6,104
0,7,83
0,8,76
0,9,81
0,10,64
0,11,60
0,12,67
0,13,99
0,14,111
0,15,72
0,16,106
0,17,117
0,18,109
0,19,117
0,20,109
0,21,88
0,22,68
0,23,85
0,24,91
0,25,89
0,26,96
0,27,84
0,28,92
0,29,96
0,30,117
0,31,128
0,32,128
0,33,96
0,34,101
0,35,92
0,36,90
0,37,80
0,38,85
0,39,92
0,40,84
0,41,92
0,42,100
0,43,100
0,44,96
0,45,100
0,46,111
0,47,103
0,48,102
0,49,109
0,50,109
0,51,109
0,52,113
0,53,112
0,54,117
0,55,144
0,56,119
0,57,117
0,58,113
0,59,121
0,60,120
0,61,113
0,62,109
0,63,131
0,64,125
0,65,119
0,66,122
0,67,125
0,68,124
0,69,121
0,70,125
0,71,116
0,72,145
0,73,125
0,74,134
0,75,125
0,76,155
0,77,124
0,78,124
0,79,120
0,80,121
0,81,130
0,82,126
0,83,121
0,84,121
0,85,124
0,86,124
0,87,121
0,88,112
0,89,148
0,90,155
0,91,177
0,92,196
0,93,207
0,94,222
0,95,250
0,96,264
0,97,291
0,98,307
0,99,329
5,0,356
5,1,361
5,2,252
5,3,117
5,4,109
5,5,99
5,6,92
5,7,95
5,8,100
5,9,48
5,10,66
5,11,71
5,12,70
5,13,74
5,14,89
5,15,97
5,16,104
5,17,61
5,18,85
5,19,60
5,20,76
5,21,65
5,22,68
5,23,102
5,24,175
5,25,129
5,26,126
5,27,133
5,28,121
5,29,117
5,30,109
5,31,104
5,32,88
5,33,117
5,34,99
5,35,97
5,36,100
5,37,92
5,38,88
5,39,92
5,40,96
5,41,96
5,42,88
5,43,92
5,44,96
5,45,111
5,46,99
5,47,95
5,48,107
5,49,105
5,50,100
5,51,105
5,52,100
5,53,105
5,54,105
5,55,115
5,56,111
5,57,109
5,58,110
5,59,109
5,60,108
5,61,109
5,62,112
5,63,127
5,64,116
5,65,111
5,66,114
5,67,113
5,68,109
5,69,117
5,70,113
5,71,120
5,72,113
5,73,119
5,74,118
5,75,113
5,76,109
5,77,117
5,78,112
5,79,113
5,80,138
5,81,146
5,82,114
5,83,113
5,84,117
5,85,116
5,86,117
5,87,117
5,88,128
5,89,135
5,90,165
5,91,181
5,92,196
5,93,207
5,94,231
5,95,254
5,96,260
5,97,300
5,98,308
5,99,319
10,0,348
10,1,389
10,2,336
10,3,155
10,4,153
10,5,165
10,6,101
10,7,49
10,8,110
10,9,64
10,10,57
10,11,68
10,12,72
10,13,84
10,14,83
10,15,70
10,16,54
10,17,49
10,18,68
10,19,72
10,20,72
10,21,64
10,22,67
10,23,71
10,24,57
10,25,57
10,26,57
10,27,53
10,28,53
10,29,68
10,30,81
10,31,80
10,32,91
10,33,93
10,34,100
10,35,113
10,36,120
10,37,116
10,38,132
10,39,138
10,40,160
10,41,144
10,42,182
10,43,156
10,44,175
10,45,158
10,46,161
10,47,156
10,48,164
10,49,164
10,50,176
10,51,167
10,52,165
10,53,165
10,54,164
10,55,160
10,56,160
10,57,165
10,58,161
10,59,160
10,60,160
10,61,156
10,62,148
10,63,156
10,64,154
10,65,152
10,66,148
10,67,148
10,68,146
10,69,155
10,70,145
10,71,137
10,72,144
10,73,140
10,74,141
10,75,147
10,76,142
10,77,136
10,78,133
10,79,132
10,80,128
10,81,144
10,82,154
10,83,152
10,84,152
10,85,148
10,86,140
10,87,146
10,88,131
10,89,161
10,90,165
10,91,176
10,92,207
10,93,225
10,94,231
10,95,239
10,96,270
10,97,288
10,98,307
10,99,333
15,0,350
15,1,353
15,2,208
15,3,94
15,4,80
15,5,81
15,6,69
15,7,89
15,8,92
15,9,73
15,10,87
15,11,71
15,12,73
15,13,81
15,14,61
15,15,57
15,16,49
15,17,56
15,18,115
15,19,65
15,20,66
15,21,61
15,22,84
15,23,96
15,24,68
15,25,64
15,26,57
15,27,87
15,28,67
15,29,61
15,30,57
15,31,68
15,32,72
15,33,64
15,34,64
15,35,87
15,36,71
15,37,65
15,38,69
15,39,72
15,40,64
15,41,76
15,42,76
15,43,88
15,44,80
15,45,83
15,46,81
15,47,80
15,48,80
15,49,84
15,50,84
15,51,76
15,52,88
15,53,95
15,54,86
15,55,80
15,56,85
15,57,84
15,58,80
15,59,88
15,60,80
15,61,87
15,62,80
15,63,89
15,64,84
15,65,80
15,66,76
15,67,84
15,68,72
15,69,76
15,70,80
15,71,81
15,72,80
15,73,80
15,74,80
15,75,80
15,76,72
15,77,88
15,78,82
15,79,102
15,80,88
15,81,96
15,82,100
15,83,96
15,84,100
15,85,113
15,86,95
15,87,117
15,88,145
15,89,164
15,90,164
15,91,196
15,92,207
15,93,216
15,94,235
15,95,265
15,96,269
15,97,305
15,98,315
15,99,327
20,0,353
20,1,385
20,2,334
20,3,125
20,4,125
20,5,103
20,6,94
20,7,61
20,8,133
20,9,57
20,10,53
20,11,72
20,12,72
20,13,64
20,14,38
20,15,70
20,16,74
20,17,73
20,18,69
20,19,61
20,20,64
20,21,69
20,22,66
20,23,103
20,24,62
20,25,65
20,26,88
20,27,84
20,28,76
20,29,72
20,30,130
20,31,89
20,32,84
20,33,89
20,34,92
20,35,92
20,36,93
20,37,96
20,38,100
20,39,96
20,40,98
20,41,97
20,42,96
20,43,100
20,44,96
20,45,96
20,46,106
20,47,107
20,48,101
20,49,96
20,50,92
20,51,100
20,52,100
20,53,108
20,54,101
20,55,101
20,56,96
20,57,96
20,58,105
20,59,105
20,60,117
20,61,96
20,62,106
20,63,105
20,64,96
20,65,100
20,66,98
20,67,119
20,68,121
20,69,134
20,70,132
20,71,137
20,72,140
20,73,151
20,74,127
20,75,113
20,76,108
20,77,113
20,78,113
20,79,117
20,80,127
20,81,126
20,82,129
20,83,136
20,84,133
20,85,129
20,86,141
20,87,158
20,88,243
20,89,284
20,90,315
20,91,316
20,92,351
20,93,326
20,94,327
20,95,322
20,96,329
20,97,322
20,98,339
20,99,329
25,0,344
25,1,380
25,2,285
25,3,138
25,4,124
25,5,115
25,6,88
25,7,106
25,8,114
25,9,64
25,10,69
25,11,72
25,12,72
25,13,61
25,14,42
25,15,79
25,16,82
25,17,70
25,18,111
25,19,84
25,20,69
25,21,76
25,22,76
25,23,93
25,24,71
25,25,77
25,26,85
25,27,77
25,28,76
25,29,92
25,30,88
25,31,84
25,32,95
25,33,87
25,34,80
25,35,92
25,36,92
25,37,96
25,38,92
25,39,96
25,40,111
25,41,98
25,42,98
25,43,100
25,44,100
25,45,92
25,46,105
25,47,112
25,48,99
25,49,96
25,50,106
25,51,100
25,52,100
25,53,100
25,54,113
25,55,101
25,56,105
25,57,109
25,58,111
25,59,100
25,60,127
25,61,111
25,62,110
25,63,113
25,64,109
25,65,113
25,66,131
25,67,117
25,68,114
25,69,113
25,70,109
25,71,113
25,72,122
25,73,117
25,74,113
25,75,113
25,76,113
25,77,113
25,78,108
25,79,127
25,80,137
25,81,251
25,82,261
25,83,269
25,84,264
25,85,278
25,86,275
25,87,273
25,88,269
25,89,269
25,90,264
25,91,295
25,92,273
25,93,278
25,94,277
25,95,277
25,96,277
25,97,301
25,98,297
25,99,322
30,0,352
30,1,371
30,2,304
30,3,281
30,4,110
30,5,103
30,6,94
30,7,69
30,8,88
30,9,61
30,10,69
30,11,64
30,12,61
30,13,56
30,14,67
30,15,49
30,16,78
30,17,80
30,18,57
30,19,65
30,20,80
30,21,84
30,22,84
30,23,79
30,24,82
30,25,77
30,26,85
30,27,80
30,28,80
30,29,92
30,30,88
30,31,103
30,32,95
30,33,92
30,34,89
30,35,88
30,36,92
30,37,96
30,38,92
30,39,104
30,40,88
30,41,98
30,42,97
30,43,92
30,44,93
30,45,100
30,46,104
30,47,100
30,48,99
30,49,106
30,50,105
30,51,132
30,52,105
30,53,119
30,54,102
30,55,110
30,56,109
30,57,109
30,58,109
30,59,96
30,60,134
30,61,111
30,62,113
30,63,113
30,64,117
30,65,109
30,66,131
30,67,120
30,68,117
30,69,114
30,70,113
30,71,113
30,72,131
30,73,121
30,74,135
30,75,117
30,76,113
30,77,117
30,78,132
30,79,124
30,80,201
30,81,235
30,82,265
30,83,273
30,84,285
30,85,283
30,86,278
30,87,277
30,88,277
30,89,277
30,90,277
30,91,311
30,92,291
30,93,293
30,94,296
30,95,292
30,96,292
30,97,317
30,98,315
30,99,323
35,0,360
35,1,375
35,2,325
35,3,122
35,4,117
35,5,106
35,6,92
35,7,75
35,8,105
35,9,49
35,10,53
35,11,69
35,12,64
35,13,66
35,14,61
35,15,74
35,16,73
35,17,65
35,18,73
35,19,76
35,20,76
35,21,89
35,22,255
35,23,90
35,24,81
35,25,76
35,26,88
35,27,84
35,28,88
35,29,80
35,30,109
35,31,90
35,32,86
35,33,85
35,34,84
35,35,84
35,36,96
35,37,96
35,38,107
35,39,92
35,40,101
35,41,101
35,42,96
35,43,96
35,44,100
35,45,115
35,46,100
35,47,101
35,48,109
35,49,100
35,50,109
35,51,127
35,52,111
35,53,109
35,54,109
35,55,109
35,56,113
35,57,113
35,58,119
35,59,114
35,60,113
35,61,113
35,62,117
35,63,104
35,64,113
35,65,119
35,66,117
35,67,113
35,68,117
35,69,112
35,70,125
35,71,125
35,72,117
35,73,117
35,74,117
35,75,112
35,76,139
35,77,123
35,78,121
35,79,137
35,80,176
35,81,246
35,82,277
35,83,282
35,84,278
35,85,277
35,86,277
35,87,277
35,88,292
35,89,277
35,90,283
35,91,281
35,92,284
35,93,300
35,94,296
35,95,310
35,96,300
35,97,300
35,98,307
35,99,322
40,0,369
40,1,395
40,2,301
40,3,210
40,4,123
40,5,101
40,6,85
40,7,109
40,8,80
40,9,52
40,10,71
40,11,73
40,12,57
40,13,54
40,14,65
40,15,64
40,16,69
40,17,72
40,18,64
40,19,103
40,20,95
40,21,89
40,22,80
40,23,69
40,24,84
40,25,84
40,26,80
40,27,101
40,28,87
40,29,77
40,30,80
40,31,85
40,32,92
40,33,76
40,34,80
40,35,105
40,36,99
40,37,85
40,38,85
40,39,92
40,40,96
40,41,100
40,42,88
40,43,119
40,44,102
40,45,104
40,46,106
40,47,105
40,48,105
40,49,119
40,50,111
40,51,106
40,52,109
40,53,109
40,54,109
40,55,109
40,56,114
40,57,110
40,58,109
40,59,109
40,60,113
40,61,122
40,62,116
40,63,119
40,64,117
40,65,113
40,66,146
40,67,128
40,68,122
40,69,114
40,70,117
40,71,120
40,72,121
40,73,121
40,74,123
40,75,122
40,76,121
40,77,125
40,78,129
40,79,128
40,80,191
40,81,269
40,82,274
40,83,277
40,84,281
40,85,336
40,86,295
40,87,291
40,88,279
40,89,277
40,90,277
40,91,284
40,92,300
40,93,306
40,94,305
40,95,300
40,96,299
40,97,299
40,98,307
40,99,349
45,0,368
45,1,394
45,2,306
45,3,286
45,4,156
45,5,207
45,6,100
45,7,68
45,8,131
45,9,57
45,10,49
45,11,61
45,12,57
45,13,64
45,14,52
45,15,86
45,16,73
45,17,74
45,18,81
45,19,77
45,20,96
45,21,92
45,22,73
45,23,90
45,24,78
45,25,72
45,26,81
45,27,84
45,28,76
45,29,73
45,30,88
45,31,76
45,32,100
45,33,75
45,34,93
45,35,88
45,36,88
45,37,88
45,38,88
45,39,96
45,40,115
45,41,99
45,42,96
45,43,100
45,44,105
45,45,105
45,46,104
45,47,105
45,48,120
45,49,121
45,50,136
45,51,235
45,52,235
45,53,245
45,54,211
45,55,209
45,56,200
45,57,192
45,58,184
45,59,192
45,60,179
45,61,164
45,62,164
45,63,164
45,64,160
45,65,156
45,66,163
45,67,191
45,68,148
45,69,148
45,70,144
45,71,132
45,72,137
45,73,139
45,74,133
45,75,133
45,76,133
45,77,132
45,78,155
45,79,149
45,80,208
45,81,254
45,82,269
45,83,278
45,84,305
45,85,281
45,86,277
45,87,277
45,88,273
45,89,277
45,90,277
45,91,283
45,92,286
45,93,296
45,94,300
45,95,300
45,96,316
45,97,304
45,98,309
45,99,326
50,0,360
50,1,404
50,2,320
50,3,286
50,4,267
50,5,223
50,6,76
50,7,98
50,8,117
50,9,60
50,10,57
50,11,57
50,12,66
50,13,49
50,14,67
50,15,65
50,16,69
50,17,61
50,18,72
50,19,65
50,20,73
50,21,109
50,22,74
50,23,69
50,24,72
50,25,76
50,26,84
50,27,68
50,28,77
50,29,105
50,30,81
50,31,85
50,32,88
50,33,84
50,34,92
50,35,84
50,36,80
50,37,115
50,38,96
50,39,96
50,40,96
50,41,96
50,42,101
50,43,100
50,44,105
50,45,103
50,46,107
50,47,101
50,48,105
50,49,125
50,50,160
50,51,226
50,52,237
50,53,240
50,54,239
50,55,239
50,56,243
50,57,255
50,58,248
50,59,251
50,60,251
50,61,250
50,62,250
50,63,254
50,64,261
50,65,259
50,66,262
50,67,266
50,68,265
50,69,285
50,70,269
50,71,267
50,72,270
50,73,269
50,74,274
50,75,268
50,76,280
50,77,274
50,78,270
50,79,322
50,80,269
50,81,285
50,82,296
50,83,276
50,84,274
50,85,273
50,86,273
50,87,266
50,88,280
50,89,272
50,90,270
50,91,273
50,92,289
50,93,292
50,94,315
50,95,300
50,96,298
50,97,296
50,98,303
50,99,341
55,0,371
55,1,381
55,2,301
55,3,270
55,4,261
55,5,130
55,6,84
55,7,76
55,8,84
55,9,44
55,10,63
55,11,57
55,12,45
55,13,61
55,14,61
55,15,57
55,16,72
55,17,65
55,18,66
55,19,61
55,20,91
55,21,61
55,22,73
55,23,76
55,24,80
55,25,84
55,26,77
55,27,103
55,28,86
55,29,89
55,30,81
55,31,88
55,32,84
55,33,76
55,34,88
55,35,109
55,36,91
55,37,92
55,38,89
55,39,88
55,40,75
55,41,80
55,42,92
55,43,102
55,44,92
55,45,102
55,46,110
55,47,96
55,48,96
55,49,100
55,50,112
55,51,160
55,52,205
55,53,207
55,54,210
55,55,219
55,56,233
55,57,227
55,58,229
55,59,228
55,60,231
55,61,231
55,62,235
55,63,246
55,64,240
55,65,243
55,66,243
55,67,246
55,68,242
55,69,251
55,70,253
55,71,251
55,72,250
55,73,254
55,74,254
55,75,284
55,76,309
55,77,259
55,78,258
55,79,258
55,80,262
55,81,287
55,82,264
55,83,262
55,84,262
55,85,262
55,86,260
55,87,262
55,88,262
55,89,259
55,90,262
55,91,273
55,92,281
55,93,306
55,94,292
55,95,294
55,96,292
55,97,292
55,98,315
55,99,332
60,0,376
60,1,384
60,2,233
60,3,111
60,4,111
60,5,101
60,6,105
60,7,80
60,8,103
60,9,55
60,10,45
60,11,41
60,12,52
60,13,49
60,14,46
60,15,56
60,16,87
60,17,61
60,18,67
60,19,69
60,20,80
60,21,69
60,22,72
60,23,84
60,24,92
60,25,84
60,26,91
60,27,89
60,28,84
60,29,84
60,30,80
60,31,84
60,32,97
60,33,98
60,34,100
60,35,97
60,36,97
60,37,100
60,38,92
60,39,92
60,40,105
60,41,113
60,42,90
60,43,93
60,44,106
60,45,100
60,46,92
60,47,100
60,48,123
60,49,107
60,50,100
60,51,100
60,52,99
60,53,96
60,54,108
60,55,110
60,56,106
60,57,105
60,58,105
60,59,109
60,60,132
60,61,113
60,62,107
60,63,109
60,64,105
60,65,109
60,66,104
60,67,117
60,68,106
60,69,109
60,70,109
60,71,105
60,72,104
60,73,130
60,74,107
60,75,105
60,76,109
60,77,109
60,78,98
60,79,123
60,80,111
60,81,109
60,82,109
60,83,109
60,84,109
60,85,129
60,86,109
60,87,101
60,88,96
60,89,92
60,90,129
60,91,140
60,92,182
60,93,192
60,94,216
60,95,231
60,96,242
60,97,296
60,98,330
60,99,342
65,0,367
65,1,409
65,2,194
65,3,110
65,4,100
65,5,100
65,6,76
65,7,55
65,8,102
65,9,40
65,10,53
65,11,84
65,12,49
65,13,45
65,14,40
65,15,63
65,16,57
65,17,62
65,18,53
65,19,57
65,20,61
65,21,69
65,22,64
65,23,69
65,24,87
65,25,71
65,26,70
65,27,61
65,28,69
65,29,64
65,30,64
65,31,76
65,32,88
65,33,69
65,34,69
65,35,77
65,36,76
65,37,72
65,38,77
65,39,80
65,40,92
65,41,80
65,42,87
65,43,89
65,44,89
65,45,89
65,46,92
65,47,88
65,48,88
65,49,104
65,50,100
65,51,97
65,52,96
65,53,96
65,54,96
65,55,100
65,56,96
65,57,121
65,58,103
65,59,105
65,60,105
65,61,105
65,62,104
65,63,100
65,64,108
65,65,110
65,66,105
65,67,105
65,68,109
65,69,127
65,70,105
65,71,110
65,72,109
65,73,105
65,74,106
65,75,121
65,76,113
65,77,109
65,78,106
65,79,105
65,80,99
65,81,101
65,82,130
65,83,107
65,84,105
65,85,109
65,86,105
65,87,104
65,88,145
65,89,163
65,90,177
65,91,188
65,92,211
65,93,231
65,94,271
65,95,281
65,96,293
65,97,304
65,98,326
65,99,357
70,0,373
70,1,376
70,2,213
70,3,109
70,4,93
70,5,89
70,6,60
70,7,67
70,8,93
70,9,44
70,10,59
70,11,57
70,12,51
70,13,53
70,14,57
70,15,53
70,16,37
70,17,45
70,18,44
70,19,79
70,20,61
70,21,58
70,22,45
70,23,65
70,24,53
70,25,57
70,26,41
70,27,64
70,28,41
70,29,41
70,30,65
70,31,91
70,32,53
70,33,57
70,34,64
70,35,80
70,36,67
70,37,71
70,38,73
70,39,77
70,40,81
70,41,73
70,42,80
70,43,72
70,44,101
70,45,91
70,46,93
70,47,88
70,48,96
70,49,96
70,50,96
70,51,96
70,52,109
70,53,95
70,54,89
70,55,93
70,56,92
70,57,92
70,58,89
70,59,96
70,60,104
70,61,91
70,62,94
70,63,96
70,64,100
70,65,92
70,66,96
70,67,96
70,68,119
70,69,97
70,70,101
70,71,131
70,72,100
70,73,105
70,74,114
70,75,104
70,76,100
70,77,105
70,78,105
70,79,105
70,80,104
70,81,117
70,82,111
70,83,105
70,84,113
70,85,109
70,86,100
70,87,117
70,88,143
70,89,149
70,90,164
70,91,199
70,92,225
70,93,255
70,94,266
70,95,270
70,96,292
70,97,314
70,98,337
70,99,370
75,0,376
75,1,402
75,2,324
75,3,48
75,4,53
75,5,69
75,6,41
75,7,84
75,8,136
75,9,97
75,10,49
75,11,54
75,12,50
75,13,53
75,14,57
75,15,45
75,16,49
75,17,37
75,18,85
75,19,63
75,20,42
75,21,37
75,22,45
75,23,49
75,24,37
75,25,32
75,26,74
75,27,35
75,28,33
75,29,53
75,30,53
75,31,53
75,32,53
75,33,60
75,34,59
75,35,89
75,36,78
75,37,81
75,38,60
75,39,42
75,40,29
75,41,49
75,42,17
75,43,61
75,44,53
75,45,50
75,46,41
75,47,61
75,48,61
75,49,49
75,50,64
75,51,73
75,52,53
75,53,69
75,54,85
75,55,92
75,56,72
75,57,69
75,58,76
75,59,88
75,60,60
75,61,51
75,62,66
75,63,96
75,64,65
75,65,65
75,66,68
75,67,64
75,68,75
75,69,76
75,70,54
75,71,57
75,72,61
75,73,61
75,74,57
75,75,61
75,76,60
75,77,87
75,78,61
75,79,70
75,80,77
75,81,80
75,82,61
75,83,69
75,84,72
75,85,87
75,86,90
75,87,127
75,88,141
75,89,169
75,90,176
75,91,176
75,92,223
75,93,247
75,94,258
75,95,273
75,96,296
75,97,318
75,98,353
75,99,347
80,0,378
80,1,402
80,2,172
80,3,48
80,4,48
80,5,17
80,6,47
80,7,83
80,8,111
80,9,45
80,10,46
80,11,53
80,12,49
80,13,61
80,14,45
80,15,54
80,16,37
80,17,47
80,18,61
80,19,33
80,20,42
80,21,49
80,22,45
80,23,45
80,24,59
80,25,51
80,26,54
80,27,49
80,28,61
80,29,65
80,30,45
80,31,100
80,32,95
80,33,71
80,34,45
80,35,33
80,36,29
80,37,41
80,38,45
80,39,49
80,40,60
80,41,29
80,42,47
80,43,50
80,44,45
80,45,3
80,46,3
80,47,3
80,48,3
80,49,96
80,50,104
80,51,92
80,52,92
80,53,101
80,54,96
80,55,84
80,56,85
80,57,96
80,58,109
80,59,88
80,60,86
80,61,96
80,62,84
80,63,69
80,64,37
80,65,16
80,66,21
80,67,59
80,68,31
80,69,34
80,70,41
80,71,37
80,72,37
80,73,60
80,74,48
80,75,87
80,76,79
80,77,41
80,78,49
80,79,49
80,80,41
80,81,33
80,82,52
80,83,97
80,84,109
80,85,126
80,86,137
80,87,148
80,88,164
80,89,168
80,90,209
80,91,201
80,92,228
80,93,239
80,94,254
80,95,285
80,96,321
80,97,319
80,98,327
80,99,360
85,0,378
85,1,418
85,2,302
85,3,129
85,4,80
85,5,53
85,6,36
85,7,49
85,8,97
85,9,58
85,10,60
85,11,41
85,12,48
85,13,75
85,14,39
85,15,41
85,16,49
85,17,57
85,18,37
85,19,37
85,20,48
85,21,63
85,22,45
85,23,47
85,24,49
85,25,49
85,26,53
85,27,53
85,28,61
85,29,65
85,30,83
85,31,67
85,32,70
85,33,34
85,34,49
85,35,49
85,36,45
85,37,61
85,38,41
85,39,30
85,40,41
85,41,69
85,42,76
85,43,37
85,44,21
85,45,37
85,46,44
85,47,21
85,48,31
85,49,50
85,50,29
85,51,73
85,52,84
85,53,92
85,54,88
85,55,104
85,56,99
85,57,86
85,58,76
85,59,80
85,60,88
85,61,80
85,62,84
85,63,88
85,64,99
85,65,73
85,66,97
85,67,89
85,68,97
85,69,92
85,70,105
85,71,104
85,72,100
85,73,111
85,74,96
85,75,41
85,76,33
85,77,60
85,78,52
85,79,79
85,80,113
85,81,118
85,82,140
85,83,121
85,84,120
85,85,134
85,86,127
85,87,148
85,88,160
85,89,173
85,90,181
85,91,204
85,92,230
85,93,236
85,94,266
85,95,281
85,96,295
85,97,307
85,98,363
85,99,360
90,0,385
90,1,397
90,2,288
90,3,9
90,4,0
90,5,116
90,6,16
90,7,79
90,8,117
90,9,33
90,10,64
90,11,53
90,12,49
90,13,37
90,14,45
90,15,56
90,16,63
90,17,53
90,18,58
90,19,45
90,20,61
90,21,57
90,22,45
90,23,48
90,24,53
90,25,69
90,26,54
90,27,53
90,28,57
90,29,64
90,30,65
90,31,48
90,32,52
90,33,63
90,34,39
90,35,33
90,36,50
90,37,41
90,38,37
90,39,41
90,40,48
90,41,55
90,42,17
90,43,62
90,44,49
90,45,37
90,46,34
90,47,16
90,48,21
90,49,27
90,50,43
90,51,47
90,52,89
90,53,92
90,54,88
90,55,96
90,56,92
90,57,93
90,58,111
90,59,94
90,60,80
90,61,93
90,62,44
90,63,3
90,64,3
90,65,3
90,66,0
90,67,12
90,68,11
90,69,6
90,70,5
90,71,3
90,72,4
90,73,4
90,74,3
90,75,129
90,76,125
90,77,135
90,78,100
90,79,106
90,80,105
90,81,105
90,82,118
90,83,138
90,84,127
90,85,118
90,86,117
90,87,132
90,88,156
90,89,173
90,90,196
90,91,205
90,92,215
90,93,247
90,94,269
90,95,278
90,96,296
90,97,325
90,98,334
90,99,356
95,0,409
95,1,431
95,2,214
95,3,102
95,4,7
95,5,44
95,6,36
95,7,45
95,8,96
95,9,49
95,10,53
95,11,61
95,12,37
95,13,73
95,14,58
95,15,38
95,16,57
95,17,53
95,18,49
95,19,44
95,20,53
95,21,40
95,22,75
95,23,41
95,24,59
95,25,49
95,26,37
95,27,41
95,28,57
95,29,56
95,30,37
95,31,50
95,32,46
95,33,38
95,34,41
95,35,41
95,36,49
95,37,33
95,38,48
95,39,67
95,40,71
95,41,49
95,42,57
95,43,76
95,44,49
95,45,41
95,46,45
95,47,80
95,48,53
95,49,75
95,50,57
95,51,41
95,52,8
95,53,8
95,54,33
95,55,45
95,56,112
95,57,86
95,58,86
95,59,61
95,60,101
95,61,4
95,62,3
95,63,53
95,64,56
95,65,67
95,66,33
95,67,58
95,68,77
95,69,80
95,70,3
95,71,3
95,72,3
95,73,0
95,74,140
95,75,106
95,76,139
95,77,113
95,78,105
95,79,100
95,80,96
95,81,106
95,82,103
95,83,97
95,84,96
95,85,73
95,86,88
95,87,121
95,88,165
95,89,183
95,90,193
95,91,204
95,92,232
95,93,246
95,94,264
95,95,292
95,96,309
95,97,319
95,98,337
95,99,368
0,100,406
0,99,401
0,98,404
0,97,388
0,96,353
0,95,335
0,94,296
0,93,272
0,92,288
0,91,259
0,90,234
0,89,223
0,88,215
0,87,192
0,86,172
0,85,125
0,84,116
0,83,140
0,82,125
0,81,127
0,80,121
0,79,121
0,78,121
0,77,125
0,76,124
0,75,135
0,74,130
0,73,123
0,72,125
0,71,121
0,70,125
0,69,125
0,68,116
0,67,158
0,66,127
0,65,123
0,64,117
0,63,121
0,62,117
0,61,121
0,60,121
0,59,108
0,58,139
0,57,119
0,56,118
0,55,118
0,54,113
0,53,113
0,52,113
0,51,112
0,50,119
0,49,109
0,48,111
0,47,106
0,46,105
0,45,109
0,44,109
0,43,100
0,42,96
0,41,119
0,40,110
0,39,97
0,38,93
0,37,96
0,36,96
0,35,84
0,34,84
0,33,88
0,32,92
0,31,84
0,30,88
0,29,96
0,28,96
0,27,119
0,26,97
0,25,97
0,24,85
0,23,93
0,22,92
0,21,88
0,20,81
0,19,76
0,18,76
0,17,76
0,16,96
0,15,109
0,14,105
0,13,125
0,12,133
0,11,129
0,10,88
0,9,61
0,8,61
0,7,48
0,6,49
0,5,64
0,4,104
0,3,72
0,2,64
0,1,64
