0,133
5,167
10,153
15,164
20,164
25,197
30,211
35,218
40,239
45,238
50,242
55,266
60,250
65,292
70,416
75,407
80,378
85,218
90,215
95,199
0,219
0,181
5,169
10,168
15,174
20,157
25,148
30,156
35,171
40,177
45,192
50,203
55,207
60,222
65,249
70,239
75,243
80,260
85,274
90,412
95,402
0,319
0,181
5,169
10,168
15,174
20,157
25,148
30,156
35,171
40,177
45,192
50,203
55,207
60,222
65,249
70,239
75,243
80,260
85,274
90,412
95,402
0,319
0,215
5,194
10,165
15,159
20,152
25,153
30,160
35,164
40,183
45,192
50,203
55,218
60,223
65,230
70,242
75,243
80,253
85,395
90,407
95,389
0,417
