0,147
5,132
10,128
15,140
20,152
25,152
30,180
35,190
40,203
45,208
50,231
55,239
60,246
65,250
70,251
75,250
80,250
85,283
90,273
95,257
0,315
0,59
5,96
10,105
15,116
20,139
25,148
30,199
35,219
40,340
45,389
50,407
55,396
60,437
65,456
70,456
75,467
80,502
85,498
90,536
95,502
0,530
0,79
5,105
10,100
15,105
20,129
25,144
30,160
35,170
40,181
45,187
50,204
55,215
60,365
65,421
70,420
75,434
80,483
85,482
90,534
95,456
0,550
0,79
5,105
10,100
15,105
20,129
25,144
30,160
35,170
40,181
45,187
50,204
55,215
60,365
65,421
70,420
75,434
80,483
85,482
90,534
95,456
0,550
